./data/images/nb-879643.jpg,17,16,870,16,870,579,17,579
./data/images/zbz-010168412.jpg,14,697,17,11,1013,16,1010,702
./data/images/zbz-010511455.jpg,26,18,991,18,991,811,26,811
./data/images/zbz-011026521.jpg,0,0,853,0,853,1042,0,1042
./data/images/zbz-010417237.jpg,52,720,53,51,972,53,970,722
./data/images/zbz-010778214.jpg,17,15,1002,12,1003,631,19,633
./data/images/nb-481048.jpg,31,15,990,6,998,743,38,753
./data/images/zbz-010863404.jpg,22,589,23,80,957,83,956,593
./data/images/nb-826645.jpg,7,1358,10,0,1024,1,1023,1361
./data/images/zbz-010619225.jpg,102,39,905,39,905,670,102,670
./data/images/nb-481889.jpg,8,14,1011,14,1011,671,8,671
./data/images/zbz-005687653.jpg,24,682,25,24,1003,26,1002,683
./data/images/nb-837232.jpg,10,16,1011,16,1011,1400,10,1400
./data/images/zbz-011438154.jpg,23,23,993,20,994,666,25,669
./data/images/nb-812649.jpg,10,1403,15,13,1016,17,1010,1407
./data/images/zbz-010698773.jpg,14,17,1011,17,1011,652,14,652
./data/images/zbz-010918803.jpg,51,37,970,37,970,844,51,844
./data/images/zbz-005722114.jpg,0,866,0,22,1024,30,1021,874
./data/images/zbz-010835004.jpg,32,692,38,23,996,31,990,700
./data/images/zbz-005508342.jpg,10,23,1020,14,1024,783,17,792
